[0, 0]: -0 [0, 1]: -0 [0, 2]: 3   [0, 3]: 5   [0, 4]: -0
[1, 0]: -0 [1, 1]: -0 [1, 2]: 1   [1, 3]: -0  [1, 4]: -0
[2, 0]: 0  [2, 1]: 0  [2, 2]: 10  [2, 3]: 70  [2, 4]: 570
[3, 0]: 0  [3, 1]: 0  [3, 2]: 20  [3, 3]: 50  [3, 4]: 420
[4, 0]: 0  [4, 1]: 0  [4, 2]: 300 [4, 3]: 400 [4, 4]: 5000
[5, 0]: 0  [5, 1]: 0  [5, 2]: 200 [5, 3]: 100 [5, 4]: 3400
[6, 0]: -0 [6, 1]: -0 [6, 2]: -3  [6, 3]: -5  [6, 4]: 0
-----
-0
-0
3
5
-0
-0
-0
1
-0
-0
0
0
10
70
570
0
0
20
50
420
0
0
300
400
5000
0
0
200
100
3400
-0
-0
-3
-5
0
